	0	1	2	3	4	5	6	7	8	9	10	11	12	13	14	15	16	17	18	19	20	21	22	23	24	25	26	27	28	29	30	31	32	33	34	35	36	37	38	39	40	41	42	43	44	45	46	47	48	49	50	51	52	53	54	55	56	57	58	59	60	61	62	63	64	65	66	67	68	69	70	71	72	73	74	75	76	77	78	79	80	81	82	83	84	85	86	87	88	89	90	91	92	93	94	95	96	97	98	99
0	4078.9999999999995	2320.9745797832425	1862.4510731828634	2144.4742945533294	2019.2345084214464	1839.5431498064947	2114.7184209723996	2095.3792019584425	2186.9917695318377	1922.599802350973	1851.2106849302704	1927.3292401662982	2181.2290113603385	2081.4864880656805	1978.2330499716152	2052.7201465372723	1936.92539866666	1958.6975264190235	2232.0826597597143	1959.4856467961179	1999.9509993997353	2179.9853210514975	1934.5852268638878	2160.9074482726	2009.4999377954705	1978.3424880439686	1893.8793520179684	2051.555507413826	2113.8741684404963	2171.361784687204	1896.8197067723647	2201.4222675352403	1940.1180376461634	2052.328921006572	2039.5676012331633	2165.9332861378716	1932.4854462582632	2062.937953502237	1986.6680648764655	2078.988215454816	2011.2811837234497	2046.7652527830348	2214.949209349957	1979.9949494885084	2067.0099177314078	2122.4358647553995	2310.708116573792	2105.725528173128	2037.797830993055	2315.90500668745	2167.3859831603595	1820.499382037797	2144.111937376405	2247.453225319717	2320.0689644922195	2139.0390365769395	1938.7367020820543	2029.3964620053914	1964.7987174262914	2211.3855385255642	1784.2561475303933	1966.2553242140252	2028.8913228657666	1999.2673658117865	2161.8288553907314	2137.5415785429764	2070.242739390722	2109.003082027146	2149.4743543480577	2057.341974490386	1865.242611565584	1981.9989909180074	2168.6797827249648	2043.3883624998948	2063.462139221362	2132.2666343588457	1860.6708467646822	1956.768765081863	2106.450806451459	1961.807839723351	1993.8996965745293	1862.1616471187456	1973.232120152112	2160.434215615	2199.857949959497	1905.9871458118494	2011.0482341306486	2140.52867301515	2035.4896216881089	2187.331707812055	2130.7444708364255	1942.9835305529487	2301.9980451772763	1975.294408436373	1975.9430659814063	2129.565918209624	1982.654785886842	2022.7891635066667	2020.0316829198496	1976.9989883659528
1	2320.9745797832425	4788.0	2293.9267643061316	2170.827952648482	2261.3235062679555	2288.903667697704	2279.5723283107295	2345.8196861651577	2459.0	2345.8925806609304	2331.9204531887444	2152.212814756013	2458.9396088558174	2488.8191979330277	2244.373854775536	2458.6093630343153	2183.2819332372082	2200.3745135771774	2427.376979375062	2161.2704597065126	2344.9965884836593	2382.0843813769484	2378.4911183353197	2117.13414785176	2352.480393117018	2195.3940420799177	2557.702680140911	2238.1994995978353	2574.3426345379903	2404.969854280922	2182.3452980681127	2137.5640341285684	2226.482652077038	2272.3437239995187	2094.4999403198844	2199.1816659839633	2126.6969694810778	2273.9828495395473	2060.425684173055	2291.4602331264664	2265.2973314777023	2062.289989308002	2326.8235859213737	2248.2993572920846	2224.073739784722	2476.360636094832	2417.5624087084084	2115.4356525311755	2271.0501975958173	2395.8989962016344	2457.3969968240785	2249.7386514882123	2359.2019837224625	2265.7740399254294	2393.1650590797117	2506.4389080925152	2604.72282594521	2231.905911995396	2394.02589793845	2486.3981981975458	2179.3301723235973	2465.415178017691	2246.455875373474	2259.1766199215144	2151.2935643468095	2551.79936515393	2270.063875753279	2352.4846439456305	2225.136400313473	2258.2205383885785	2169.6958312169013	2134.0824726331452	2423.2969277412126	2373.9991575398676	2249.6804217488316	2514.935585656221	2280.8248507941157	2098.1563335461924	2446.9899877196062	2297.088156775878	2267.953703231175	2171.5800699030187	2138.7454266461914	2369.1707409977867	2431.7343604925272	2121.1685458727698	2405.4594155794853	2358.362143522491	2347.4839722562538	2019.8326663364965	2256.8502387176686	2550.8410377755804	2317.865181584123	2213.948508886329	2160.488833574476	2214.9119621330324	2280.94388357101	2453.7285913482774	2209.2080028824807	2278.9622638385217
2	1862.4510731828634	2293.9267643061316	4167.0	1873.79081009594	1932.9999999999998	2065.6432412205163	2007.8682725716842	2051.4862904733236	2163.0728143083857	1884.993368688601	2323.3811568487854	1925.4968190054221	2320.2995496271596	2144.7305192028207	2023.7897618082764	2164.4678329788135	2058.778278494311	2135.8785077808147	2149.9404642919762	1985.481805507167	2198.6304828233415	2190.37394067771	2293.9354829637214	2068.9216998233646	2041.4823046012427	2096.396908984556	2111.14234479819	2083.787417180553	2164.868587235724	2071.9939671726847	2117.8014543389095	2200.8784609787067	1923.3683994492576	1995.836666663883	1967.5700749909774	2047.9648434482463	2024.8804903006	2003.0491756319914	2117.98087810065	2045.0696809644407	1803.7929482066393	2257.3670503487024	2074.975903474544	2166.739485955799	2158.2242700887227	2215.353244970201	2083.3559465439407	2249.495498995275	1827.9824944457212	2065.289325978324	2172.6536769582035	2035.256249222687	2184.2879846760134	1918.668288162391	2108.9658603211196	2245.5556105338387	2196.156642864985	1922.1144606916625	2234.935122100863	2080.7866300992996	2081.9709411997082	1973.9989868285143	2140.312827602545	2045.5757135828535	1907.9997379454746	2153.570755744979	2007.6374174636217	1947.733041255911	2078.6707290958807	2001.9190792836755	2146.411423748951	2000.518682742053	2234.405961323949	2067.852267450458	2246.497273534958	2434.488447292367	2053.945228091538	2176.7792722276645	2044.1854123342139	1935.9687497477846	2100.5080337861123	2004.4984410071263	2101.0	2127.6959369233186	2025.1148115600756	2200.3972368642894	2273.042014569902	2302.4365354988613	2147.3183275890888	1943.9935699482137	1965.8931812283188	2027.792149111935	2118.988437910882	2032.0236219099424	1989.803005324899	2001.3245613842846	2107.9188788945366	2125.915097081725	2241.8920580616723	2032.4482773246652
3	2144.4742945533294	2170.827952648482	1873.79081009594	4139.0	1921.2412654323248	2138.186147181765	2272.4246962220777	1988.8717907396647	2149.047230751339	1914.4947114055972	2022.4984548819807	1952.434890079564	2146.681159371368	1908.381775222138	1896.9483387799469	2119.47894540144	2258.982071642004	2198.108277587799	2147.4440621352633	1961.2246174265708	2100.9657303249855	2208.5053769461374	2177.779373582182	2194.821405035043	1904.5708177959673	2121.197774843261	2262.266562542973	1980.3232059439185	2097.2553492600755	1992.8996462441355	2062.1561531562056	2072.5744859956176	1850.8311646392815	2003.8313302271727	2073.9093519245243	1929.4377419341624	1950.3061298165476	2039.4160929050256	1854.602922460762	1962.3343242169517	1877.072987392872	2104.9990498810207	2195.846078394385	2085.684539905304	1880.3531583189365	1875.9722812451148	2223.9350260293127	2039.2469198211384	2025.8252639356633	1991.2814969260376	2256.154250045861	1891.9989429172522	2223.6132757293926	2214.414143740958	2037.4994478526858	2110.108054105287	2177.0659154008176	1974.4538485363494	2139.1647902861528	2044.1790528229176	1833.4358456188206	2168.3726616981685	1981.4176742928282	2137.606839435166	2035.433123440807	2142.411258372211	2015.5624525179069	1993.830484268911	2003.9191600461334	2039.6271718135154	2188.4592753807415	1991.8644532196463	2224.7552674395447	2340.3083130220257	2107.8270801941985	2282.8841407307555	2018.8957377734987	2033.9016692062573	2012.9418769552192	2013.36881867183	2312.127591635029	1719.8185950849586	2046.4926093196625	2068.9731752731836	1952.2330803467091	2072.7300837301514	2331.287198094649	2148.561844583488	2056.3657262267334	1797.7624982182715	1967.127347174046	1901.5788177196337	2105.2434538551593	2076.8283511161917	2009.0191636716659	1979.9353524799742	1962.4219729711547	2052.46193630966	2169.9410130231654	2016.7364726210512
4	2019.2345084214464	2261.3235062679555	1932.9999999999998	1921.2412654323248	4159.999999999999	2082.6029386323257	2150.9718733632944	2105.980769142966	2065.888670766167	1943.0779706434837	2212.9491634468245	2107.964895343374	2225.769979130818	2200.2806639154014	2070.0	1880.105582141599	2095.194501710999	2078.5475698188866	2199.1816659839633	1888.389790271066	2272.694876132738	2231.3287521116204	2163.666332871129	2207.1572214049456	2009.4949614268753	1777.8098885988907	2121.3943527783795	2072.8492468098107	1981.9909182435729	2165.4902447251984	1995.485905738249	2111.9535979751067	1967.723303719301	2108.4951980025944	1925.8743468876673	1920.171867307716	1845.4430362381818	2175.31331076698	2076.993981695662	2002.7443671122883	1833.3963019489267	2138.45084114646	2207.487259306382	2139.473767074511	2158.999768411289	2124.3634340667795	2284.7759189907442	2186.9622767665655	2144.485019765818	2127.309098368171	1979.8641367528226	2095.7113350841046	1914.2844616200593	2077.983878667012	2073.489811887196	2137.2213268634578	2201.8464978285842	2195.9262282690647	2063.9634202184884	2132.474149901939	2074.930360277183	2217.267462441101	2149.444114183944	2156.1196627274658	2102.900853582974	2256.7286057477095	2018.4672402593012	2126.2078919992746	1986.955963276489	1934.2890166673646	2181.4834402305237	2055.455667242668	2250.267095257805	2227.5372050764945	2322.454735834479	2289.31518144619	1931.7391128203624	2003.7444946898795	2088.363474110769	2199.430380803175	1957.7047785608534	1875.1639928283607	2104.4866357380365	2002.2986790186922	2247.2974880954234	2132.7510403232723	2371.628132739195	2371.750408453638	2056.448880959602	2049.191059906323	2043.1558922412162	2075.589073010359	2166.4863258280675	2054.962773385445	2069.4173092926426	2017.8171374036845	1926.203260302505	2150.0995325798294	2121.338021155516	2069.836708535241
5	1839.5431498064947	2288.903667697704	2065.6432412205163	2138.186147181765	2082.6029386323257	4300.0	2107.5258005538158	1902.6612940825805	2377.5354886941223	1923.9833679114797	2153.469293953364	2089.710506266358	2244.4932612952975	2310.227261548093	2029.475301648187	2048.0747056687164	1940.9255524104988	2050.1487750892616	1993.2962649842095	1949.8076828241292	1964.5589835889375	2302.6697548715056	2040.3279148215368	2297.267942578749	1951.3333902744553	2044.7787166341495	2124.796931473688	2260.998009729332	2329.9579395345318	1971.9036487617745	1843.2647666572482	2340.490974133419	1900.452051486698	1919.8697872512084	1907.6336126206206	1972.497655258429	1952.968509730764	2194.955352621096	2127.0070521744865	2185.1951857900476	2016.8688603873084	2127.220251878023	2154.0194985189896	1962.8143060412008	2050.9500237694724	2012.3314836278837	2192.1792809895815	2128.5826270079347	2159.8124918612725	2170.0442391803904	2201.5994186045746	1916.0287054217115	2129.999765258203	2235.016331036532	2338.0449097483133	2364.191616599636	2046.6179418738611	1988.6689015519903	2157.5606596339303	2247.9717524915654	1919.535099965614	2082.894140372957	2030.7141600924538	2111.2574452207386	2138.3245777944935	2215.1325016802043	1906.5041306013475	2002.494444436738	2130.9399334565956	1943.008234671176	1993.4969275120545	1982.4802647189201	2095.449832374901	2339.969230566932	2035.7941939203972	2134.886648044809	2037.541656015896	2042.7995496377025	2123.9962335183177	2058.4557318533716	1960.9989801119225	1966.825869262452	2122.914977101061	2058.3731440144666	2193.972652518714	2249.8399943107065	2293.512589893502	2176.6423684197644	2254.9119716742825	1918.3680564479798	2131.4929040463635	2278.2537172141297	2289.3833230806936	2060.9803492512974	1985.4994333920117	2095.3195460358784	2206.7679986804233	2281.0734315229747	2133.494785557256	1906.6724941635885
6	2114.7184209723996	2279.5723283107295	2007.8682725716842	2272.4246962220777	2150.9718733632944	2107.5258005538158	4275.0	2066.7675244206835	2211.352979512769	1832.9465349540342	2125.980950055762	1965.670369110752	2342.8871078223124	2267.592335495955	2025.8198340425042	2166.9644667137486	2222.9586140996867	1970.6526837573383	2256.8828059959164	2252.589620858624	2140.3817416526426	2258.839525065913	2235.7347785459706	2115.450306672317	2096.991416291445	2085.300937514775	2261.1225088437823	2161.124707183739	2126.944992236518	2159.954629153122	2002.979780227449	2125.7591585125538	1956.9959121061038	2183.2807881717827	2212.198906066089	2158.207589644703	1891.185342582794	2153.996285976371	1982.5947644438081	2180.469674175727	2158.6106642931236	2057.492648832554	2267.124831146269	2354.210270982607	2142.991600543502	1961.413265989603	2329.963733623337	2226.981814025431	2113.976348022844	1995.4999373590567	2210.0307690165764	2137.2019090390127	2341.524716931256	2305.8859468759506	2235.9997763863935	2258.129314277639	2429.925719029288	2090.377956255758	2050.9210126184776	2226.1814840663824	1855.3145285907726	2257.4682722022917	2045.9997556207086	2099.178410712153	2091.8735621447104	2263.6466155299063	2097.489928462113	2135.457328068159	2126.581764240444	2221.859356485014	2054.795366940465	2173.888681602625	2426.80201087769	2202.3637301771932	2384.4030699527293	2321.3707157625645	2088.468338280473	2093.6551769572757	2193.0813938383594	2078.996151992591	2196.4302857136167	1945.5204959084856	2191.926093644583	2142.4168595303763	2131.6660151158767	2210.3750812927656	2279.8839882765965	2371.373441699978	2179.9963302721408	1932.9976720110142	2236.605240090437	2143.5498594621026	2232.483818530383	2185.0125857761095	2047.0019540782077	2066.9961296528836	2101.122557110841	2158.5099026874996	1992.7272768745854	2072.553979996661
7	2095.3792019584425	2345.8196861651577	2051.4862904733236	1988.8717907396647	2105.980769142966	1902.6612940825805	2066.7675244206835	4156.000000000001	2065.478152874051	2041.1761315476915	2095.6371346204	1961.2628584664524	2352.4973963853818	2341.8785194796073	2081.4951357137493	1871.0831087902002	2032.6062087871326	2066.2139289047495	2217.9619022877737	2041.2251223223764	2060.9997573993064	2149.6767198813873	2040.467593469693	2254.483976434519	2076.1430586546776	1884.993368688601	1954.109515866498	2282.127735250593	2094.3447662693934	2189.4519862285174	2173.257462888371	2036.951889466219	2063.823393607118	2047.0378599332257	2132.7418971830602	2023.4243252466845	1940.7524314038617	2186.0182981850817	2130.4107585158313	1966.7740083700517	1953.9636639405555	1945.647450079279	2138.4835748726246	2290.9508942794914	1978.8996942745732	2093.996179557164	2360.1050824062895	2056.5711755249317	2033.4246974009145	1983.063286937661	2169.890319808815	2063.0414440820136	2304.9633402724653	1965.5696375351347	2029.6243494794794	2158.2474371582143	2103.576715976862	2138.318264431186	2159.3721309677035	2144.981118798019	1842.4071211325688	2255.989140044783	2065.647598212241	2173.4902806315927	1967.6831553885904	2241.234481262503	2060.671007220706	2081.911621563221	1888.8250316003332	2017.0309863757673	1952.0163933737851	2025.964461682386	2162.8037358946835	1995.5149711290067	2303.9893662949053	2134.9028080922094	2244.490588084521	1976.4647732757594	2058.1256035529027	1987.9937122636982	2038.9641978220213	1955.4994246994806	2149.03117706561	2032.8337364378817	1958.49687260409	2070.4724098620586	2011.486017848496	2163.3612735740653	2010.9624561388507	2056.8714106623192	1993.9989969907206	1905.857549765984	2215.981723751349	2014.8054496650539	1887.0437196843109	2170.400884629381	1988.7533783755089	2123.9117213293025	2136.269645901472	1935.6580276484792
8	2186.9917695318377	2459.0	2163.0728143083857	2149.047230751339	2065.888670766167	2377.5354886941223	2211.352979512769	2065.478152874051	4416.0	2162.6483764125874	2467.0903915341246	2088.6895413153197	2421.8907902711053	2250.1311072913063	1995.995991979944	2337.476416993335	2038.340501486442	2200.996365285504	2200.3154319324312	2095.090928814308	2146.9857940843485	2336.6642891095844	2213.178257619571	2222.135234408563	2056.158067853734	1964.9959287489633	2145.490153787707	2280.00526315182	2223.319140384484	2067.317101946385	2122.203100553762	2317.4908845559676	2079.3441273632416	2067.2532500881453	2030.2763358715486	2249.967999772441	2016.4969625566014	2305.4578720939576	2123.9435020734427	2061.670196709454	2177.0	2151.9916356714775	2263.4972940120783	2210.4972291319436	2043.6467405106978	2160.727423808936	2077.355530476187	2109.4738680533587	1994.4046730791622	2209.9997737556446	2140.999766464256	2058.2086871840766	2188.9963453601285	1955.5702493134838	2283.994527138802	2219.5918543732314	2218.2470556725643	2089.131877120255	2181.604913819182	2208.673131090248	2080.240370726421	2078.6591832236472	1928.7345592382587	2142.973634928811	2031.9370068976057	2292.6482503864386	2108.2936228144313	2190.233320904419	2212.6502208889683	2179.75136196769	2032.1436957065807	2160.812810032373	2315.4178888485762	2188.9259923533273	2239.0891005049352	2268.4708505951758	1942.79823965331	2271.8155735006308	2041.9755140549555	2032.826603525249	2113.890725652582	2107.233968974494	2031.8582627732674	2142.239482410872	2033.9390354678774	2111.9997632575623	2362.3829071511673	2211.1861070475275	1972.3792738720408	2062.975763308915	2139.2931075474444	2189.1221985078864	2252.92809472473	2256.0039893581747	2133.4373672550128	2228.972857618504	2015.9841269216383	2420.153920724878	2027.9669622555493	2165.216848262548
9	1922.599802350973	2345.8925806609304	1884.993368688601	1914.4947114055972	1943.0779706434837	1923.9833679114797	1832.9465349540342	2041.1761315476915	2162.6483764125874	4075.0	1993.990972898323	1993.0667324502708	2329.7937676970464	2069.027791016834	1919.9489576548642	2226.800395185882	2096.209436101269	1995.8076059580494	2083.4562630398555	1968.660712261003	2151.570356739468	2235.5690550730033	2123.9715158165377	2090.9846962615484	2091.499462108465	2046.7945671219668	2165.000692840536	2221.3880795574646	2195.345075381089	2075.6507413339077	1923.3564412245591	2046.1563967595437	1985.3725091276951	2024.9753084914394	1818.2565825537383	1924.096151443581	2139.7754555092924	2075.456094452494	2151.5083081410585	2175.13309937576	1893.00184891616	1771.494284495437	2144.2686398863366	2377.3169750792595	2047.4779608093468	2013.6106872978205	2136.469049623701	1953.618181733575	1966.870356683429	1891.8834530699824	2025.2259133242394	2144.098878316949	1996.6051186952316	1953.078083436502	1962.4031186277707	2247.5806993298374	2229.280601449714	2130.443615775832	2033.8635647456788	2088.8408268702524	2017.2503563018645	1981.4721799712454	2012.0511921916898	1980.280788171213	2085.4994605609468	2367.013307947381	2193.359751613948	2212.293606192451	2059.752412305906	2003.3851352148943	1992.0316262549645	2235.1568177646955	2118.4569856383678	2046.7828414367752	2264.962692849487	2168.218162455061	1973.6342112965108	1898.9407573697501	2092.4464150845056	1880.3270992037528	2237.848967200423	1912.2405706395834	2149.9718602809667	2157.8257575624593	2238.996426973478	2165.9547548367673	2042.660030450491	2107.9112884559445	2100.8341200580307	2033.918631607469	2196.196712500954	1995.558067308491	2160.5973710990206	2004.4490514852203	2025.6245950323569	2207.9617297408035	2163.775404241392	2223.5647056022453	2166.4293203333455	2062.2594405166387
10	1851.2106849302704	2331.9204531887444	2323.3811568487854	2022.4984548819807	2212.9491634468245	2153.469293953364	2125.980950055762	2095.6371346204	2467.0903915341246	1993.990972898323	4485.999999999999	2231.2176048068463	2543.8960277495617	2382.732045363053	1937.0020650479441	2355.13439106986	2360.3093017653423	2193.16210071212	2329.4935071813356	2147.675953210819	2187.9339569557396	2147.161847649124	2054.489717667139	2183.5567315735125	2400.087498405006	2196.9201168909167	2316.5741947971364	2221.414414286537	2260.2057428473186	2250.4755053099334	2217.997971144248	2286.537338422445	1999.8177416954777	2173.8344003166385	2104.115966385883	2123.9319668953617	1925.4656579643272	2062.993940853923	2230.1502191556515	2228.9676982854644	1972.9085128307393	2176.3506151353463	2179.3255837529186	2344.528524032071	2208.302968344697	2248.588890837985	2145.295084597921	2336.4879627338123	2054.9608268772427	2299.4344956967134	2184.429902743505	1981.3884021059578	2234.4234155593695	2028.7789431083909	2424.6533772892153	2279.6999802605606	2365.327038698877	2142.38885359311	2158.2474371582143	2268.8133462230862	1997.4431155855227	2044.808303973749	2233.580085871111	2062.1656092564435	2238.9819114945967	2419.7107265125724	2200.774863542384	2073.66993516326	2206.3046027237488	2045.5158273648237	2211.249646693019	2202.050408142375	2351.7542388608554	2370.3841460826557	2262.015915063376	2522.7431498271876	1915.6701177394816	2453.9411158379494	1922.6013627374762	2092.9137583761067	2042.0298724553465	2076.034681791227	2098.997856120868	2305.4409556525193	2300.4282210058195	2268.2151573428832	2243.9679142091136	2509.7948123302826	2020.3207666110843	2014.0928479094503	2120.127826335007	2079.8223481826517	2283.440386784818	2150.8347216836537	2149.1917085267196	2255.792543652896	2180.41280495231	2288.3391357051955	2121.4504472176577	2046.3066730087162
11	1927.3292401662982	2152.212814756013	1925.4968190054221	1952.434890079564	2107.964895343374	2089.710506266358	1965.670369110752	1961.2628584664524	2088.6895413153197	1993.0667324502708	2231.2176048068463	4086.0000000000005	2067.1598873817184	2174.368873949404	2027.928746282768	2082.954632247184	2089.938755083507	1942.4458808419863	1990.0246229632437	1967.600569221304	2023.7662908547518	2223.3994243050433	2127.2623251493924	1982.2916031704317	2088.6359184884286	2056.3978214343642	2055.324791851643	2142.232480381156	2269.4585257281087	2195.144642159145	2167.0431467785775	2008.384923265458	1963.800397189083	2118.293652919727	1971.8415250724388	2168.350063988746	2010.3954834808	1988.4315426989183	2147.064973399734	2109.502310972899	1913.195233111352	2096.9158304519524	2173.8323302407666	2114.6217155794084	1975.5115793130647	2193.09552915508	2232.185028173068	1935.5867327505632	1971.0200404866514	2080.0935075135444	2170.5080050531947	2108.1124258445043	2228.082583747739	1928.4371910954214	2190.889545367361	2286.051836682624	2226.7372992789246	2004.4722497455534	2245.9979964372187	2233.9353168791617	2054.9961070522736	2250.4881692646154	2019.2845267569403	2169.9410130231654	2019.8435582985135	2343.5848608488664	2198.33891836541	2164.5951122554075	2145.97180782973	2032.7481398343475	2117.497107436041	2105.3902251126747	2150.6492043101775	2192.7380144467784	2286.557237420485	2219.095085840172	2088.3275605134363	1981.8778973488754	2093.9197692366342	2002.979780227449	1913.4920956199428	1892.3657151829823	2036.4159692950748	2158.4869700788095	2144.913984289347	2099.032634334207	2296.729413753392	2370.93778914589	2110.230319183193	1888.1467104014985	2034.2834119168351	2036.7935585129878	2146.8302215126373	2070.497041775235	2099.5070850082884	2280.649249665542	2027.510789120492	2043.7998923573705	2204.7820753988362	1999.3148826535553
12	2181.2290113603385	2458.9396088558174	2320.2995496271596	2146.681159371368	2225.769979130818	2244.4932612952975	2342.8871078223124	2352.4973963853818	2421.8907902711053	2329.7937676970464	2543.8960277495617	2067.1598873817184	4663.000000000001	2467.4938703064695	2108.4762270416995	2238.2986842689247	2272.617433709422	2384.270118925286	2423.97504112563	2196.0491797771742	2280.670953908082	2350.9787323580786	2443.2306481378296	2557.364854689295	2235.507995959755	2195.6782551184497	2266.6470832487353	2522.8951623085727	2390.9395642717527	2414.343388998342	2261.4933119511984	2509.1767574246337	2167.966789413528	2300.2738967349082	2368.4277485285465	2283.873901948179	2157.0581818764185	2254.2360124884885	2391.6521486202796	2209.8466010110296	2096.4350693498714	2383.491136966949	2217.854819414472	2327.4324909650977	2185.942588450118	2066.954281061872	2326.476305488625	2260.46234208845	2368.2685658514324	2370.2189772255224	2306.9687904260863	2224.1128568487707	2208.796731254372	2135.9063649888776	2400.4911997339213	2294.3129690606725	2332.8641194891743	2377.7121356463654	2168.4688146247345	2422.7348183406293	2147.3357911607586	2365.8782724392227	2215.6466324754947	2291.4100462379056	2331.5848687105517	2443.4884898439773	2383.0065043973336	2233.770802924955	2311.480694273694	2214.7830593536696	2191.754092045912	2335.5609604546826	2686.4772472515006	2353.510569341043	2333.451949366003	2394.998121084858	2216.3706819934246	2340.9228949284084	2055.495074185292	2279.9921052494897	2211.3642847798733	2182.7794208302403	2290.965298733265	2277.1969611783697	2383.0442715149043	2241.8786764675738	2307.7909350718924	2346.7679902367854	2277.281712920033	2232.956112421379	2391.4430789797193	2151.3112280653395	2160.735060112646	2142.262122150322	2146.764309373528	2401.4362369215632	2094.953221434789	2274.1550079095314	2262.067638246036	2219.531482092561
13	2081.4864880656805	2488.8191979330277	2144.7305192028207	1908.381775222138	2200.2806639154014	2310.227261548093	2267.592335495955	2341.8785194796073	2250.1311072913063	2069.027791016834	2382.732045363053	2174.368873949404	2467.4938703064695	4509.0	1908.487359140741	2172.649994821991	1893.894400435251	2028.8203469011248	2261.6807909163485	2280.4999451874583	2124.0866272353396	2541.7590365729006	2067.4622124720922	2317.9137171171838	2137.2706894541925	2314.9492435040556	2014.4999379498624	2400.9689710614753	2389.476930208785	2449.1810876290874	2218.900628689802	2208.0978239199458	2062.8819646310353	2269.482760454461	1982.1377348711167	2201.4295355518425	2151.44137730964	2298.9510651599353	2153.486939825733	2405.7680686217445	2210.445656423157	2091.7552438084144	2112.7669062156383	2224.5649012784497	2251.1357133678102	2418.3953357546816	2442.7228659837774	2156.497159747724	2117.9107629926243	2138.1861471817647	2304.7778634827264	2036.9702992434625	2252.6795155991454	2167.7029316767553	2265.9247560322915	2335.603776328511	2192.7129315074512	2243.8493710585835	2320.466332442684	2392.321048688909	2011.1315223028057	2416.849188509701	2072.160225465203	2415.485044457945	2205.499263205499	2457.331886416647	2008.8242830073516	2174.199622849751	2263.388168211542	2100.3794895208816	2046.5483136246746	2166.385468932064	2156.040815940181	2337.3716007515795	2313.4714175887284	2221.216333453363	2184.2298413857457	2066.668817203182	2102.7474884065373	2146.32080547154	2198.2884251162313	2077.304503437086	2265.0386310171402	2412.8149535345638	2327.17425217795	2245.860859447887	2254.5487353348562	2301.584671481803	2239.997991070528	2157.9990732157416	2340.5480127525693	2252.9565020212885	2239.967856912237	2187.314334977943	2061.9757515548044	2260.3645723643785	2115.8856301794763	2369.1521690258733	2230.3542319550943	2131.791734668281
14	1978.2330499716152	2244.373854775536	2023.7897618082764	1896.9483387799469	2070.0	2029.475301648187	2025.8198340425042	2081.4951357137493	1995.995991979944	1919.9489576548642	1937.0020650479441	2027.928746282768	2108.4762270416995	1908.487359140741	4044.9999999999995	2169.7640424709775	2015.1233212883028	2035.3358445229621	1843.9780367455573	2008.4501487465407	2128.419601488391	2207.243076781531	2044.3561333583737	2117.7764282378816	1922.317351531739	2023.4584255674736	2095.992843499233	2070.7356180835836	2066.9525877484466	1983.1792657246092	1933.9167510521233	1789.639628528604	2012.4323591117293	1986.4969166852488	1866.4849316295054	1904.8842484518582	1832.9301677914518	1931.4890628735125	1906.1694573148525	2025.7023473353631	1932.9873253593773	2068.1953486070893	2196.5791586009373	2213.178257619571	2154.712277776316	2139.0126226836533	2029.4558383960957	2153.38338435124	1933.492177382676	2004.7974960080135	2174.4978730732296	1882.40909475066	2178.6328281745873	1971.080921727974	2183.9551277441574	2094.39967532465	2039.2986539494407	1907.9716979032996	2138.803403775111	1943.9156360295062	2063.928293328041	2218.6024880541354	2050.4165430468024	1949.7207492356436	2101.4899476323935	2349.5016492865034	2176.499942568343	2000.0899979750911	1820.415886549005	1950.9835980858477	1870.832969561954	1924.9999999999998	2056.182141737448	2096.4951705167364	2203.996370232946	2031.9517710811936	1983.8666789882834	1932.7327802880561	1997.454379954646	1907.8050214841137	2018.0976190462145	2090.7101664267097	2003.9937624653426	2022.5844852564255	2178.1046806799714	1938.5246967732962	2157.0581818764185	2233.8950288677397	2035.9702846554512	1960.6886545293214	1968.9746062354386	1908.223257378444	2065.930056899313	2012.4820496093873	1981.9909182435729	1996.388739699761	1846.2361712413717	1949.949999358958	2113.6480312483436	1986.3489119487542
15	2052.7201465372723	2458.6093630343153	2164.4678329788135	2119.47894540144	1880.105582141599	2048.0747056687164	2166.9644667137486	1871.0831087902002	2337.476416993335	2226.800395185882	2355.13439106986	2082.954632247184	2238.2986842689247	2172.649994821991	2169.7640424709775	4247.0	2072.377861298465	2016.750604313781	2100.263792955542	2068.455945868802	2225.9615899651103	2304.085935897357	2274.18007202596	2167.3126216584446	2027.9583329052894	1995.9276038974963	2063.0821602641035	2161.096018227788	2165.4371383164184	2115.7268254668415	2146.395816246388	2104.980760007084	2012.49844720437	2044.7496179239158	2152.830694690133	2136.495260935535	2021.5637511589882	2239.0578375736527	2019.138182492719	2125.7591585125538	2192.8793856480115	2058.0413018207387	2134.463632859553	2258.4899822669126	2119.847164302181	2219.364773983763	2190.8445859987423	2193.704629160453	2094.578955303428	2215.3173587547226	2197.8202838266825	2078.7688664207	2104.4419687888762	2000.7023766667542	2169.133698046296	2272.956884764865	2299.080685839451	2144.8575710289015	2088.4783934721468	2201.9943233350987	1876.9318048346884	2137.1890417087584	2245.588341615622	2032.7641279794368	2044.8921731964256	2275.9920913746605	2199.8865879858445	2074.304220696665	2048.9192273000904	2290.498635668662	2030.9313134618808	2071.4864228374754	2345.025159779741	2099.967142600093	2338.6714177070708	2234.9228174592517	1990.4913966154186	2064.1593930702156	2283.746045426242	2302.7173078778037	2185.428104514079	1905.7491965103907	2046.4520517226883	2126.427990786427	2039.1552172407082	2160.9546501488644	2251.5792235673166	2263.232643808409	2211.4954216547676	1926.81083658983	2194.496753244351	2128.80248026913	2150.4869216063603	2059.455753348442	1896.978650380652	2076.0014450862022	2164.568779226015	2291.2695171018186	2219.4702070539265	2012.9157955562869
16	1936.92539866666	2183.2819332372082	2058.778278494311	2258.982071642004	2095.194501710999	1940.9255524104988	2222.9586140996867	2032.6062087871326	2038.340501486442	2096.209436101269	2360.3093017653423	2089.938755083507	2272.617433709422	1893.894400435251	2015.1233212883028	2072.377861298465	4089.0	2058.474435109652	2105.4101738141194	1938.465888273508	2066.0387218055716	2205.3632353877674	2054.8822350684723	2051.80627740535	1959.998979591571	1958.4534714922384	2158.082250517806	2230.459145557255	2148.895064911267	2148.589537347699	2052.134742164851	2067.2285795238026	2167.771205639562	1924.4890230915842	1968.4537078631035	1984.9637276282913	1976.2434060611056	2291.831800110994	2001.7112678905519	2155.411793602327	1827.316064614986	2136.4830914378895	1957.4810343908828	2049.0007320642912	2085.8839852685956	2200.4985798677535	2421.5532205590694	2048.902389085434	1995.8787538325066	2191.8713465894843	2216.9492551702665	2040.1735220318883	2093.6991187847407	2141.651932504439	2094.480842595606	2220.900718177199	2108.468638609548	1982.9069569699936	2104.1463827405164	2099.9657140058266	1946.485550935326	2109.233984175298	2054.7661667450143	1945.4881135591654	2087.4496401111096	2297.9207993314303	2026.6193525178824	1946.304189997031	1981.4817687781033	2023.5641823278056	2063.418280426923	2104.99619952151	2401.2134432407292	2079.468682139743	2119.5188133158904	2192.241546910376	1842.4706239177872	2150.086277338656	1928.676748446976	1817.7994938936472	2120.294790825087	1859.488639384495	2193.81220709522	2104.9712587111494	2083.8730767491575	2145.05897354828	2146.2385701501125	2274.2427311085335	2000.481941932993	1984.1758994605293	2047.499938949938	2086.4927510058596	2224.622215118783	1998.9937468636565	2167.819180651375	2169.6935267451945	2024.67972775943	2323.4607808181313	1872.676159937964	1872.9975974357253
17	1958.6975264190235	2200.3745135771774	2135.8785077808147	2198.108277587799	2078.5475698188866	2050.1487750892616	1970.6526837573383	2066.2139289047495	2200.996365285504	1995.8076059580494	2193.16210071212	1942.4458808419863	2384.270118925286	2028.8203469011248	2035.3358445229621	2016.750604313781	2058.474435109652	4354.999999999999	2234.9856822807615	1946.3699545564302	2338.3068660892222	2293.978203906916	2106.0529433041324	2309.42590268664	2086.1342238695956	1969.746176541536	2242.078053949059	2183.9771061071133	2151.200130159907	2107.9314504983317	2221.7549369811245	2085.8918955688955	2070.4890726589215	2059.1454538230173	2034.0968511848203	2155.43684667401	1963.9450094134509	2149.4364377668862	1955.3352653701104	1957.3926535061892	1921.9685221147615	2266.063105917397	1986.6162185988514	2131.3591907512914	2068.0406185566085	2144.36004439553	2186.3723379150224	2099.028346640416	2157.911490307237	2160.4994792871394	2000.2194879562592	2007.1472292784106	1963.7708623971384	2102.997860198626	2309.2856038177697	2289.894320705652	2258.4986163378535	2118.2634397071583	2209.5117107632627	2187.7508998969697	2033.2289590697847	2078.688288320305	2103.923002393386	2073.1888481274445	2144.7461388238935	2402.2073182804183	1990.9909592964002	2101.3329103214464	2094.4999403198844	2150.2371962181287	2093.3542461800394	1989.1651515145747	2539.9047226224843	2109.9232213519053	2237.1955658815345	2011.9699301927947	2046.5761652086153	2200.8343872268083	2197.452161026492	1958.49687260409	2075.3958658530664	2114.499940884369	1861.9223936566204	2164.255992252303	2024.2899989872994	2133.414165135312	2233.0566495277276	2381.4558572436317	2078.8636318912313	1957.9479053335408	2086.375805074436	2156.192941274041	2069.1230026269586	1936.2869105584534	2121.4660025557796	2172.2416992590856	2046.5141094065293	2072.074322991335	2251.12083194128	1867.54812521659
18	2232.0826597597143	2427.376979375062	2149.9404642919762	2147.4440621352633	2199.1816659839633	1993.2962649842095	2256.8828059959164	2217.9619022877737	2200.3154319324312	2083.4562630398555	2329.4935071813356	1990.0246229632437	2423.97504112563	2261.6807909163485	1843.9780367455573	2100.263792955542	2105.4101738141194	2234.9856822807615	4447.0	2139.9997663551276	2226.498596451388	2150.492966740417	2174.236647653608	2355.4995223943474	2262.344801306821	2059.5125636907387	2069.53231431645	2316.619304072208	2248.493273283245	2444.335492521434	2220.99639801599	2205.038775169271	2064.882805391144	2251.952486177273	1904.8913354834704	2169.9963133609235	2219.8659869460585	2149.495289597072	2216.9269270772097	2115.9395076419364	1972.9989863149954	2215.395675720254	2104.2789739005616	2192.20208922444	2093.409181216133	2342.3782785878116	2254.9991130818653	2237.855223199213	2212.212015155871	2220.737264964048	2413.9252266795675	2014.8161206422783	2276.3215941514063	2150.9811714657103	2356.9864233804997	2448.0569846308726	2297.7963356224586	2092.0516246020316	2203.68055761265	2304.968763345829	1936.6272227767531	2415.953434981726	2247.7388638362777	2255.957003136363	2102.473781049362	2399.1911136881113	2177.708887799285	2132.902248111713	2132.5252636252635	2097.1089623574644	2120.7112014604913	2101.7935198301475	2387.484869062001	2220.972759850962	2448.0569846308726	2271.7885024799293	2130.2640681380326	2441.227150430701	2205.3707171357833	2098.48278525224	2228.0810128897915	1986.724943216851	2321.4995153994755	2190.9917845578516	2175.456044143388	2195.4931108978685	2250.712109533336	2386.0796298531195	2104.441731196186	2080.162012921109	2176.9669267124846	2135.48682974164	2115.814736691282	2348.7060267304632	2025.341946437687	2234.233649375105	2075.9783235862556	2179.6511188720087	2121.192117654599	2039.531318710257
19	1959.4856467961179	2161.2704597065126	1985.481805507167	1961.2246174265708	1888.389790271066	1949.8076828241292	2252.589620858624	2041.2251223223764	2095.090928814308	1968.660712261003	2147.675953210819	1967.600569221304	2196.0491797771742	2280.4999451874583	2008.4501487465407	2068.455945868802	1938.465888273508	1946.3699545564302	2139.9997663551276	4018.9999999999995	2074.7578171921655	2195.071752813561	2067.2844506743627	2032.4950184440795	1915.9558971959661	1883.940285677866	2062.577271279794	2207.6666415018367	2362.4919047480353	2047.8012598882735	2032.8669410465607	1916.0287054217115	1983.0925344017612	1990.3929260324455	2007.9155858750637	2061.116202449537	1732.971148057578	1964.2235107034026	1941.9997425334536	2031.498461727205	1964.197036959378	2014.346544167612	2182.1778112702	2199.5797325852955	1988.4229932285534	2107.999051233183	2109.4202995135893	2001.49943792148	2041.9336424085873	1982.8295438589773	1963.8271308849974	1917.0508600451892	2022.2724841128609	2105.2520039178207	2036.743970164144	2263.241038864398	2027.5458071274247	2260.8505036821875	2053.4488062768937	2011.494966436655	1859.6117874438203	2139.296613375527	2038.6892848102184	2104.4928130074477	1876.040777808414	2247.9357197215404	2071.8349355100663	2092.625623469234	2090.180374991594	2140.568148880105	1959.9928571298415	1982.9354502857625	2072.216204936155	2075.4348941848307	2138.749634716509	2191.196476813524	1980.418390138811	2095.278979038352	2034.3967164739524	1818.7688143356759	2095.959684726784	1913.9976489013773	2067.3983650956097	1974.4999366928328	2041.7492500304734	2142.307167518234	1978.2082802374478	2208.8270643035867	2116.473954481841	1967.499428208303	2152.985369202494	2069.4636986427186	2008.4322243979257	1911.4465726250367	1888.4919909811638	2015.9523803899733	1902.4405378355455	2060.530271556329	1962.8759512511226	2008.5181104485962
20	1999.9509993997353	2344.9965884836593	2198.6304828233415	2100.9657303249855	2272.694876132738	1964.5589835889375	2140.3817416526426	2060.9997573993064	2146.9857940843485	2151.570356739468	2187.9339569557396	2023.7662908547518	2280.670953908082	2124.0866272353396	2128.419601488391	2225.9615899651103	2066.0387218055716	2338.3068660892222	2226.498596451388	2074.7578171921655	4442.0	2144.832860621079	2029.7418555077393	2303.8072836068554	2133.187755449576	1995.5991581477479	2147.297371115608	2200.8398396975645	2333.791764489711	2244.439350929314	2233.405919218448	2045.9978005853282	1974.4166227015007	2133.4633814527965	1961.370949106772	1975.8661391906085	2032.5796417360868	2062.7670736173777	2157.3242686253725	2104.4866357380365	2055.3024108388527	2175.6854092446365	2153.451183565581	2395.15761485544	2037.4484042546942	2239.1516250580266	2372.402579664758	2163.2706719224943	2182.745976974875	2057.218996606827	2210.1764635431264	1992.7995383379632	1996.4999373904325	2046.5458704851937	2404.836376970375	2175.479257543036	2164.1959245872354	2061.9454405973015	2188.691389849195	2120.09386584651	2267.523759522709	2264.850767710756	2384.9790355472733	2135.4540500792796	2197.0680462835007	2377.9392338745747	2042.7797238077335	2240.861441499675	2199.2198616782275	2211.752698653265	2299.998043477429	2164.9473434705055	2206.242507069429	2352.98640030069	2514.2052422187016	2275.7888742148293	2023.6474495326502	2246.2929461670847	2296.912928258274	2018.3349573348821	2194.946924187462	2145.7026821067266	2227.470314055835	2066.3300801178884	2191.2325298790174	2008.1917239148256	2302.9463736700427	2344.480752746757	1990.867147752456	2125.9694259325556	2201.064742346304	2122.2407968936986	2127.3913603284186	2087.5092814164927	2207.445582568232	2103.923002393386	2052.7766561416274	2284.5997461262223	2176.21345460412	1969.8284189238411
