	0	1	2	3	4	5	6	7	8	9	10	11	12	13	14	15	16	17	18	19	20	21	22	23	24	25	26	27	28	29	30	31	32	33	34	35	36	37	38	39	40	41	42	43	44	45	46	47	48	49	50	51	52	53	54	55	56	57	58	59	60	61	62	63	64	65	66	67	68	69	70	71	72	73	74	75	76	77	78	79	80	81	82	83	84	85	86	87	88	89	90	91	92	93	94	95	96	97	98	99
0	4079	1694	1361	1551	1411	1772	1499	1524	1552	1337	1309	1282	1605	2006	1389	1540	1868	1444	1644	1411	1443	2108	1872	1567	1481	1467	1384	1977	1535	1656	1386	1548	1419	1472	1419	1604	1419	1487	1489	1477	1409	1417	1597	1408	1437	1609	1699	1485	1372	1682	1611	1753	1580	1686	1689	1598	1373	1961	1418	1700	1312	1408	1469	1938	1553	1573	1524	1531	2074	1992	1265	1390	1581	1404	1482	1526	1250	1412	1473	1901	1929	1387	1411	1643	1658	1285	1439	1543	1961	1576	2059	1879	1705	1439	1408	1516	1464	1523	1416	1360
1	1694	4788	1678	1612	1690	1648	1728	1658	2376	1708	1680	1552	1800	1871	1718	1732	1502	2132	1869	1480	1727	1727	1704	1590	1682	1501	2484	1635	1826	1768	1556	1562	1606	1561	1557	1660	1501	1672	1448	2217	1692	1459	1728	1579	1664	1820	1767	2039	1656	2324	2381	1637	2288	2195	1798	2443	2518	1627	1723	1816	1524	1833	1683	1666	1574	1820	2205	1682	1621	1581	1630	1520	1818	2297	1713	2426	1740	1548	2381	1642	1635	1511	1560	1662	1752	2047	2332	2288	1686	1384	1621	1873	1653	1610	1508	1644	2207	1740	2135	1693
2	1361	1678	4167	1802	1845	1486	1940	1455	1563	1808	2244	1849	2238	1576	1492	1581	1508	1572	2075	1433	1692	1592	1674	1992	1487	1562	1561	1588	1634	1555	2041	1655	1855	1524	1485	1511	1481	1929	1582	1496	1370	2172	1563	1550	2078	1601	1993	1678	1340	1480	1586	1538	1620	1342	2033	1605	1634	1419	1727	1533	1516	1892	1604	1548	1843	1533	1496	1408	1478	1458	1620	1529	2166	1549	1739	1809	1559	2101	1445	1444	1552	1493	2027	1517	1507	1625	1652	1751	1601	1347	1463	1461	1571	1514	1445	1923	1545	1544	1660	1505
3	1551	1612	1802	4139	1844	1514	2191	1475	1552	1840	1945	1878	2076	1339	1372	1538	1635	1639	2078	1509	1540	1625	1532	2113	1412	1604	1663	1482	1615	1512	1991	1509	1772	1509	1558	1393	1421	1978	1347	1469	1347	2036	1683	1511	1812	1311	2141	1476	1473	1411	1636	1336	1630	1635	1976	1502	1636	1424	1607	1528	1353	2097	1435	1567	1963	1567	1554	1410	1481	1427	1651	1499	2155	1688	1508	1686	1518	1972	1431	1429	1644	1234	1966	1553	1442	1487	1734	1663	1437	1337	1442	1325	1517	1481	1531	1920	1383	1557	1571	1496
4	1411	1690	1845	1844	4160	1511	2077	1503	1529	1865	2139	2026	2140	1600	1519	1346	1539	1612	2130	1420	1677	1599	1529	2128	1509	1357	1558	1518	1454	1621	1923	1539	1893	1531	1377	1346	1328	2080	1552	1486	1292	2056	1690	1616	2076	1526	2192	1615	1561	1598	1433	1495	1484	1516	2000	1567	1651	1538	1558	1574	1508	2122	1584	1581	2031	1660	1507	1536	1416	1382	1676	1547	2166	1647	1688	1739	1404	1916	1461	1601	1362	1363	2038	1487	1638	1537	1762	1814	1470	1519	1499	1477	1545	1477	1537	1952	1377	1605	1600	1531
5	1772	1648	1486	1514	1511	4300	1519	1360	1726	1338	1538	1489	1684	2238	1484	1489	1879	1478	1407	1382	1401	2234	1966	1724	1392	1526	1513	2182	1713	1507	1351	1645	1315	1376	1344	1485	1419	1589	1577	1530	1467	1508	1566	1380	1481	1487	1590	1525	1542	1574	1527	1859	1428	1624	1702	1653	1486	1910	1522	1680	1379	1538	1510	2052	1578	1664	1389	1461	2061	1870	1457	1409	1574	1708	1425	1585	1459	1464	1492	1992	1891	1421	1522	1601	1619	1615	1661	1555	2180	1386	2059	2198	1695	1468	1410	1522	1552	1694	1570	1329
6	1499	1728	1940	2191	2077	1519	4275	1524	1582	1748	2052	1886	2267	1617	1503	1565	1668	1515	2186	1679	1541	1672	1587	2043	1570	1557	1702	1616	1583	1586	1941	1566	1888	1608	1682	1546	1343	2073	1481	1520	1612	1993	1714	1734	2068	1414	2239	1653	1511	1512	1624	1573	1723	1675	2158	1606	1810	1474	1512	1662	1355	2157	1525	1517	2021	1633	1518	1520	1521	1557	1528	1613	2345	1574	1739	1732	1578	2019	1597	1537	1538	1410	2127	1573	1535	1644	1683	1801	1607	1389	1660	1519	1641	1610	1535	1995	1556	1602	1483	1579
7	1524	1658	1455	1475	1503	1360	1524	4156	1485	1494	1493	1428	1742	1742	1510	1789	1456	1494	1631	1968	1532	1613	1491	1659	2009	1817	1348	1610	2010	2109	1587	1460	1451	1530	1535	1484	1863	1608	2069	1415	1392	1380	1550	2216	1431	2015	1707	1535	1469	1399	1556	1532	1739	1419	1433	1554	1566	1567	2071	2080	1770	1673	1496	1669	1460	2155	1509	2004	1371	1482	1333	1962	1503	1437	1653	1525	1697	1489	1429	1474	1495	1889	1558	1960	1878	1496	1457	1544	1491	1990	1489	1392	2149	1940	1827	1648	1430	2037	1531	1395
8	1552	2376	1563	1552	1529	1726	1582	1485	4416	1497	1821	1435	1812	1721	1473	1686	1425	2124	1596	1476	1597	1691	1550	1672	1423	1395	2072	1712	1518	1505	1517	1709	1494	1446	1427	1701	1394	1710	1580	1995	1621	1548	1668	1553	1474	1560	1462	2038	1402	2135	2084	1510	2104	1886	1663	2145	2153	1480	1574	1634	1455	1495	1369	1566	1476	1676	2047	1536	1667	1525	1499	1551	1723	2111	1597	2190	1432	1670	1969	1477	1487	1510	1454	1504	1404	2031	2280	2122	1414	1411	1445	1598	1606	1598	1516	1565	1939	1759	1940	1606
9	1337	1708	1808	1840	1865	1338	1748	1494	1497	4075	1920	1908	2242	1512	1424	1636	1545	1474	2004	1509	1599	1623	1457	2002	1537	1541	1596	1645	1686	1566	1847	1491	1907	1474	1339	1373	1557	2001	1643	1570	1323	1701	1612	1762	1972	1471	2060	1384	1466	1382	1414	1551	1428	1349	1890	1574	1616	1540	1525	1534	1515	1904	1449	1440	2005	1725	1577	1606	1460	1416	1529	1733	2046	1456	1713	1534	1485	1821	1431	1346	1567	1383	2081	1577	1639	1555	1447	1555	1489	1511	1615	1431	1586	1449	1535	2133	1531	1631	1563	1565
10	1309	1680	2244	1945	2139	1538	2052	1493	1821	1920	4486	2147	2461	1740	1409	1794	1827	1676	2246	1660	1615	1555	1432	2099	1783	1670	1718	1706	1749	1699	2127	1639	1932	1570	1527	1532	1418	1984	1715	1625	1376	2085	1584	1735	2120	1690	2064	1749	1500	1707	1632	1470	1657	1452	2338	1656	1767	1521	1639	1707	1526	1967	1572	1511	2162	1768	1674	1470	1596	1465	1635	1727	2273	1752	1616	1916	1424	2364	1379	1561	1416	1532	2027	1714	1720	1694	1639	1926	1540	1501	1529	1531	1696	1566	1639	2185	1607	1689	1585	1509
11	1282	1552	1849	1878	2026	1489	1886	1428	1435	1908	2147	4086	1981	1503	1449	1534	1495	1392	1914	1483	1512	1593	1450	1907	1550	1535	1407	1521	1693	1662	2092	1444	1891	1472	1447	1550	1470	1905	1571	1459	1344	2026	1609	1557	1902	1549	2156	1383	1380	1486	1488	1503	1548	1331	2109	1606	1641	1443	1668	1634	1465	2162	1451	1537	1955	1687	1547	1553	1512	1411	1600	1573	2074	1570	1663	1587	1526	1901	1447	1413	1279	1373	1951	1585	1582	1542	1624	1713	1477	1369	1448	1422	1558	1453	1595	2210	1406	1535	1621	1442
12	1605	1800	2238	2076	2140	1684	2267	1742	1812	2242	2461	1981	4663	1815	1569	1680	1729	1821	2339	1688	1714	1754	1733	2464	1700	1669	1703	1905	1747	1844	2185	1840	2087	1693	1767	1676	1610	2173	1779	1652	1539	2303	1688	1785	2112	1552	2228	1688	1705	1732	1702	1655	1632	1536	2321	1637	1730	1746	1632	1848	1617	2292	1610	1723	2251	1776	1768	1615	1727	1578	1615	1800	2603	1735	1745	1771	1734	2264	1459	1697	1618	1626	2214	1700	1807	1654	1652	1766	1698	1665	1765	1541	1585	1553	1635	2315	1548	1734	1674	1668
13	2006	1871	1576	1339	1600	2238	1617	1742	1721	1512	1740	1503	1815	4509	1298	1650	1822	1494	1656	1733	1487	2465	1990	1753	1597	1859	1514	2316	1767	1952	1618	1536	1498	1565	1366	1606	1640	1674	1653	1811	1581	1460	1467	1618	1596	1841	1855	1555	1449	1632	1696	1951	1664	1631	1643	1734	1621	2164	1723	1890	1549	1762	1508	2326	1626	1941	1457	1582	2179	2020	1520	1610	1624	1660	1608	1696	1533	1440	1549	2070	2119	1616	1625	1913	1764	1620	1672	1660	2152	1600	2264	2168	1723	1672	1558	1600	1610	1848	1675	1408
14	1389	1718	1492	1372	1519	1484	1503	1510	1473	1424	1409	1449	1569	1298	4045	1534	1424	1580	1370	1490	2057	1528	1388	1577	1354	1433	1632	1478	1472	1470	1366	1721	1518	1919	1793	1838	1342	1447	1345	1484	1863	1567	2114	1623	1625	1492	1534	1650	1853	1539	1645	1334	1701	1445	1652	1529	1530	1347	1525	1371	1493	1613	1974	1452	1581	1741	1618	1415	1304	1387	1797	1407	1521	1589	2124	1520	1912	1497	1503	1363	1421	1487	1540	1467	1584	1421	1586	1704	1441	1442	1414	1360	1461	1458	1416	1507	1337	1415	1608	1917
15	1540	1732	1581	1538	1346	1489	1565	1789	1686	1636	1794	1534	1680	1650	1534	4247	1550	1470	1489	1982	1673	1718	1710	1639	1962	1914	1430	1627	2075	2034	1511	1531	1426	1452	1524	1531	1942	1642	1940	1542	1574	1459	1523	2172	1551	2137	1605	1576	1526	1556	1546	1555	1465	1385	1585	1584	1653	1626	1995	2119	1807	1542	1612	1503	1476	2195	1567	1986	1579	1726	1437	1998	1750	1531	1683	1555	1437	1519	1594	1739	1610	1827	1468	2051	1969	1562	1610	1644	1695	1847	1641	1544	2065	1991	1820	1522	1534	2212	1560	1383
16	1868	1502	1508	1635	1539	1879	1668	1456	1425	1545	1827	1495	1729	1822	1424	1550	4089	1442	1549	1407	1407	2140	1983	1515	1395	1449	1520	2144	1511	1616	1510	1388	1631	1351	1315	1405	1460	1708	1493	1494	1219	1566	1367	1491	1521	1633	1827	1425	1301	1567	1542	1959	1416	1535	1509	1515	1474	1909	1507	1570	1410	1498	1481	1865	1535	1666	1460	1361	1903	1945	1456	1532	1830	1415	1441	1554	1246	1594	1355	1746	2043	1361	1596	1569	1574	1485	1432	1599	1917	1431	1969	2002	1612	1406	1572	1613	1447	1718	1306	1282
17	1444	2132	1572	1639	1612	1478	1515	1494	2124	1474	1676	1392	1821	1494	1580	1470	1442	4355	1696	1354	1811	1682	1466	1723	1463	1380	2175	1598	1539	1489	1642	1556	1503	1513	1475	1577	1402	1610	1412	1886	1468	1666	1506	1510	1629	1552	1644	2019	1610	2091	1938	1489	1891	2039	1825	2217	2176	1524	1539	1617	1446	1555	1518	1532	1572	1726	1935	1489	1540	1591	1557	1373	1903	2035	1639	1945	1542	1657	2116	1427	1463	1523	1338	1582	1456	2044	2159	2301	1517	1341	1506	1602	1428	1360	1500	1607	1971	1490	2168	1371
18	1644	1869	2075	2078	2130	1407	2186	1631	1596	2004	2246	1914	2339	1656	1370	1489	1549	1696	4447	1573	1664	1558	1559	2270	1698	1517	1493	1729	1672	1837	2156	1670	1995	1697	1392	1584	1627	2068	1627	1497	1456	2140	1598	1602	2012	1689	2186	1650	1682	1660	1759	1469	1685	1585	2285	1779	1700	1527	1642	1679	1433	2332	1625	1702	2034	1730	1657	1507	1499	1481	1578	1577	2305	1666	1881	1678	1574	2363	1588	1524	1588	1416	2248	1617	1533	1617	1657	1782	1588	1548	1582	1535	1489	1727	1526	2163	1512	1616	1581	1557
19	1411	1480	1433	1509	1420	1382	1679	1968	1476	1509	1660	1483	1688	1733	1490	1982	1407	1354	1573	4019	1604	1650	1523	1547	1840	1817	1446	1610	2265	1984	1467	1422	1459	1478	1496	1568	1673	1495	1884	1386	1454	1481	1634	2129	1428	2033	1571	1448	1506	1355	1393	1434	1457	1556	1490	1632	1486	1710	1969	1938	1793	1609	1544	1591	1395	2184	1473	2014	1571	1624	1369	1905	1550	1523	1566	1570	1512	1590	1400	1377	1566	1836	1553	1907	1969	1575	1404	1570	1608	1902	1640	1507	1925	1830	1825	1532	1350	1988	1406	1446
20	1443	1727	1692	1540	1677	1401	1541	1532	1597	1599	1615	1512	1714	1487	2057	1673	1407	1811	1664	1604	4442	1459	1392	1717	1569	1485	1651	1610	1746	1728	1607	1972	1499	2062	1893	1909	1522	1518	1605	1520	1980	1603	2083	1843	1498	1676	1793	1594	2099	1582	1662	1451	1544	1508	1819	1629	1610	1554	1659	1626	1735	1629	2308	1609	1619	1854	1549	1668	1571	1609	2221	1640	1645	1780	2432	1701	1949	1683	1726	1484	1536	1588	1682	1558	1593	1510	1660	1767	1440	1609	1604	1501	1569	1583	1709	1582	1497	1753	1659	1905
21	2108	1727	1592	1625	1599	2234	1672	1613	1691	1623	1555	1593	1754	2465	1528	1718	2140	1682	1558	1650	1459	4577	2159	1825	1581	1892	1754	2466	1702	1766	1761	1396	1652	1448	1483	1540	1579	1653	1675	1710	1371	1505	1585	1661	1695	1734	1943	1606	1531	1552	1753	2098	1689	1685	1759	1710	1594	2226	1620	1871	1598	1675	1659	2239	1792	1742	1381	1607	2122	2338	1561	1670	1898	1684	1602	1633	1500	1366	1579	1955	2154	1731	1556	1785	1693	1571	1535	1557	2261	1497	2257	2125	1633	1703	1654	1662	1660	1742	1624	1432
22	1872	1704	1674	1532	1529	1966	1587	1491	1550	1457	1432	1450	1733	1990	1388	1710	1983	1466	1559	1523	1392	2159	4296	1672	1527	1671	1518	2149	1703	1600	1594	1476	1650	1485	1497	1536	1425	1661	1632	1596	1431	1496	1607	1567	1558	1646	1700	1443	1439	1571	1592	1887	1487	1503	1638	1641	1487	1987	1511	1665	1520	1722	1490	1921	1590	1699	1365	1502	2123	1998	1555	1536	1789	1527	1476	1615	1492	1589	1519	1907	1900	1496	1500	1692	1728	1428	1455	1621	2028	1409	1960	2199	1720	1612	1501	1535	1611	1732	1512	1331
23	1567	1590	1992	2113	2128	1724	2043	1659	1672	2002	2099	1907	2464	1753	1577	1639	1515	1723	2270	1547	1717	1825	1672	4393	1614	1596	1659	1802	1673	1773	1914	1589	1985	1444	1728	1416	1548	2176	1783	1506	1527	2047	1532	1699	2050	1478	2167	1473	1647	1570	1542	1389	1573	1522	2203	1614	1598	1514	1639	1746	1582	2197	1639	1639	2244	1882	1485	1584	1540	1574	1670	1700	2182	1532	1874	1682	1670	2150	1506	1476	1605	1574	2136	1699	1633	1440	1677	1645	1763	1634	1690	1543	1588	1726	1645	2211	1536	1655	1635	1461
24	1481	1682	1487	1412	1509	1392	1570	2009	1423	1537	1783	1550	1700	1597	1354	1962	1395	1463	1698	1840	1569	1581	1527	1614	4205	2004	1549	1539	2015	2354	1421	1584	1503	1370	1454	1544	1779	1624	2115	1390	1404	1542	1584	1950	1469	2041	1753	1411	1512	1515	1435	1525	1537	1613	1555	1654	1565	1667	1884	1941	1689	1602	1450	1545	1511	2273	1394	2041	1416	1542	1306	1982	1553	1539	1524	1667	1370	1649	1511	1437	1395	1863	1545	2022	1981	1408	1636	1738	1415	1781	1474	1466	2217	1874	2022	1704	1502	2045	1459	1346
25	1467	1501	1562	1604	1357	1526	1557	1817	1395	1541	1670	1535	1669	1859	1433	1914	1449	1380	1517	1817	1485	1892	1671	1596	2004	4062	1444	1659	1983	2062	1448	1422	1480	1513	1503	1522	1931	1645	1794	1479	1469	1578	1601	1909	1501	2062	1638	1490	1489	1499	1656	1410	1494	1442	1616	1592	1426	1589	1955	1981	1683	1688	1544	1660	1519	2226	1506	1893	1559	1682	1493	2076	1820	1522	1524	1431	1380	1547	1315	1574	1514	1820	1408	2061	2084	1348	1563	1605	1642	1551	1605	1606	2099	1881	1950	1631	1415	1875	1500	1480
26	1384	2484	1561	1663	1558	1513	1702	1348	2072	1596	1718	1407	1703	1514	1632	1430	1520	2175	1493	1446	1651	1754	1518	1659	1549	1444	4443	1671	1536	1485	1501	1585	1515	1568	1487	1541	1522	1544	1520	2157	1642	1477	1772	1446	1488	1518	1714	2047	1591	2077	2029	1544	2223	2222	1821	2400	2245	1745	1403	1695	1548	1607	1599	1453	1450	1703	1992	1473	1445	1599	1575	1498	1687	2257	1690	2195	1679	1388	2151	1336	1537	1466	1579	1607	1545	1973	2121	2308	1611	1423	1521	1615	1460	1378	1392	1623	2131	1502	2054	1608
27	1977	1635	1588	1482	1518	2182	1616	1610	1712	1645	1706	1521	1905	2316	1478	1627	2144	1598	1729	1610	1610	2466	2149	1802	1539	1659	1671	4676	1601	1812	1607	1826	1670	1461	1521	1727	1513	1690	1548	1605	1549	1617	1554	1605	1510	1731	1852	1547	1416	1541	1791	2116	1656	1728	1736	1835	1521	1999	1520	1654	1511	1678	1676	2151	1642	1768	1456	1581	2382	2135	1595	1654	1821	1542	1649	1672	1482	1689	1501	2058	2243	1524	1660	1771	1651	1509	1532	1669	2302	1494	2210	2291	1652	1719	1593	1854	1658	1724	1620	1450
28	1535	1826	1634	1615	1454	1713	1583	2010	1518	1686	1749	1693	1747	1767	1472	2075	1511	1539	1672	2265	1746	1702	1703	1673	2015	1983	1536	1601	4511	2095	1690	1570	1452	1637	1602	1648	2071	1684	2207	1582	1531	1601	1635	2142	1705	2184	1840	1497	1546	1591	1633	1482	1717	1716	1673	1688	1613	1697	2139	2072	1980	1713	1713	1643	1583	2415	1765	2106	1636	1700	1493	1985	1708	1690	1695	1820	1664	1645	1530	1566	1571	2013	1721	1993	2190	1712	1677	1772	1608	1991	1644	1764	2346	2067	2118	1728	1413	2131	1653	1532
29	1656	1768	1555	1512	1621	1507	1586	2109	1505	1566	1699	1662	1844	1952	1470	2034	1616	1489	1837	1984	1728	1766	1600	1773	2354	2062	1485	1812	2095	4488	1660	1627	1581	1643	1451	1502	1954	1632	2142	1571	1496	1637	1619	1986	1614	2141	1935	1625	1583	1535	1552	1569	1610	1788	1608	1724	1579	1785	2028	2261	1828	1754	1581	1739	1636	2326	1597	2084	1664	1613	1597	2204	1801	1643	1727	1602	1580	1706	1535	1648	1621	1961	1657	2245	2117	1558	1685	1694	1765	1975	1720	1812	2184	2016	1980	1904	1541	2057	1642	1430
30	1386	1556	2041	1991	1923	1351	1941	1587	1517	1847	2127	2092	2185	1618	1366	1511	1510	1642	2156	1467	1607	1761	1594	1914	1421	1448	1501	1607	1690	1660	4316	1552	2146	1612	1600	1551	1241	1959	1449	1564	1367	2077	1661	1594	2153	1603	2232	1670	1377	1508	1569	1342	1424	1449	2216	1627	1732	1578	1706	1595	1487	1980	1599	1524	2012	1518	1554	1438	1386	1492	1604	1459	2229	1539	1768	1685	1624	2098	1431	1509	1401	1445	2042	1552	1528	1444	1686	1602	1682	1408	1574	1455	1495	1473	1659	1995	1584	1413	1652	1450
31	1548	1562	1655	1509	1539	1645	1566	1460	1709	1491	1639	1444	1840	1536	1721	1531	1388	1556	1670	1422	1972	1396	1476	1589	1584	1422	1585	1826	1570	1627	1552	4237	1445	1890	2095	2017	1508	1648	1487	1527	2083	1574	2043	1487	1419	1581	1732	1501	1823	1533	1677	1614	1622	1584	1624	1851	1570	1476	1515	1662	1530	1573	1927	1629	1574	1794	1607	1526	1638	1502	2076	1678	1707	1653	2172	1681	1905	1704	1516	1534	1493	1433	1624	1627	1626	1547	1623	1698	1494	1394	1553	1438	1530	1588	1406	1613	1567	1525	1544	1791
32	1419	1606	1855	1772	1893	1315	1888	1451	1494	1907	1932	1891	2087	1498	1518	1426	1631	1503	1995	1459	1499	1652	1650	1985	1503	1480	1515	1670	1452	1581	2146	1445	4121	1528	1467	1583	1419	2097	1441	1402	1580	2053	1691	1511	1818	1412	2234	1599	1505	1510	1542	1412	1423	1399	2035	1475	1576	1517	1557	1538	1309	2020	1606	1560	1914	1602	1518	1441	1500	1395	1727	1406	2075	1495	1595	1614	1461	1971	1342	1382	1351	1451	1994	1392	1524	1520	1489	1613	1578	1421	1569	1397	1579	1404	1445	2007	1368	1626	1527	1458
33	1472	1561	1524	1509	1531	1376	1608	1530	1446	1474	1570	1472	1693	1565	1919	1452	1351	1513	1697	1478	2062	1448	1485	1444	1370	1513	1568	1461	1637	1643	1612	1890	1528	4088	1736	1825	1450	1455	1558	1457	1833	1504	2109	1510	1512	1528	1571	1432	1930	1515	1552	1307	1747	1422	1698	1565	1474	1543	1427	1408	1392	1470	1864	1573	1492	1717	1522	1423	1493	1534	1884	1502	1620	1601	1956	1623	1922	1579	1527	1433	1338	1305	1575	1574	1591	1427	1536	1699	1533	1400	1595	1510	1670	1485	1483	1638	1415	1403	1572	1708
34	1419	1557	1485	1558	1377	1344	1682	1535	1427	1339	1527	1447	1767	1366	1793	1524	1315	1475	1392	1496	1893	1483	1497	1728	1454	1503	1487	1521	1602	1451	1600	2095	1467	1736	4158	2069	1405	1542	1508	1327	1884	1526	2044	1674	1507	1504	1641	1467	1810	1431	1486	1327	1530	1461	1666	1508	1576	1378	1630	1658	1476	1528	1985	1584	1542	1669	1523	1490	1387	1438	1720	1469	1643	1464	2170	1591	1889	1472	1534	1418	1472	1504	1532	1561	1563	1433	1657	1500	1527	1180	1480	1492	1524	1541	1432	1619	1487	1503	1516	1954
35	1604	1660	1511	1393	1346	1485	1546	1484	1701	1373	1532	1550	1676	1606	1838	1531	1405	1577	1584	1568	1909	1540	1536	1416	1544	1522	1541	1727	1648	1502	1551	2017	1583	1825	2069	4216	1455	1666	1482	1584	1971	1468	2131	1667	1366	1673	1571	1746	1921	1499	1724	1524	1585	1737	1566	1796	1560	1489	1637	1636	1515	1411	2053	1642	1502	1867	1761	1465	1536	1630	1780	1449	1578	1584	2251	1733	1983	1396	1721	1420	1367	1581	1489	1459	1438	1592	1524	1779	1531	1382	1481	1622	1496	1596	1531	1534	1528	1618	1581	1855
36	1419	1501	1481	1421	1328	1419	1343	1863	1394	1557	1418	1470	1610	1640	1342	1942	1460	1402	1627	1673	1522	1579	1425	1548	1779	1931	1522	1513	2071	1954	1241	1508	1419	1450	1405	1455	4020	1540	1924	1408	1436	1418	1574	1863	1384	2097	1693	1421	1402	1305	1436	1355	1561	1440	1552	1641	1444	1460	1791	1982	1973	1551	1454	1388	1376	2227	1331	2080	1476	1461	1476	1899	1547	1385	1629	1482	1595	1520	1410	1444	1398	1846	1391	1836	1878	1532	1589	1507	1470	1710	1588	1497	1989	1960	1867	1481	1293	1890	1386	1374
37	1487	1672	1929	1978	2080	1589	2073	1608	1710	2001	1984	1905	2173	1674	1447	1642	1708	1610	2068	1495	1518	1653	1661	2176	1624	1645	1544	1690	1684	1632	1959	1648	2097	1455	1542	1666	1540	4359	1556	1569	1480	2134	1644	1575	2046	1570	2100	1486	1602	1515	1733	1508	1493	1504	2083	1573	1805	1587	1779	1636	1611	2161	1453	1717	1984	1732	1617	1473	1572	1591	1620	1556	2389	1538	1632	1569	1621	2149	1471	1623	1559	1421	2031	1637	1651	1633	1519	1661	1667	1425	1598	1374	1681	1600	1743	2195	1413	1694	1538	1428
38	1489	1448	1582	1347	1552	1577	1481	2069	1580	1643	1715	1571	1779	1653	1345	1940	1493	1412	1627	1884	1605	1675	1632	1783	2115	1794	1520	1548	2207	2142	1449	1487	1441	1558	1508	1482	1924	1556	4162	1583	1420	1415	1670	1996	1444	2036	1647	1565	1531	1605	1461	1449	1529	1426	1513	1694	1517	1601	1928	2159	1773	1642	1541	1573	1550	2301	1482	1905	1556	1764	1325	1910	1607	1483	1557	1533	1561	1555	1481	1616	1712	2009	1529	1917	2005	1588	1685	1498	1564	2084	1483	1565	2027	2011	1959	1689	1423	1906	1508	1433
39	1477	2217	1496	1469	1486	1530	1520	1415	1995	1570	1625	1459	1652	1811	1484	1542	1494	1886	1497	1386	1520	1710	1596	1506	1390	1479	2157	1605	1582	1571	1564	1527	1402	1457	1327	1584	1408	1569	1583	4266	1453	1395	1792	1384	1400	1679	1466	1971	1462	2000	1964	1347	2115	2003	1622	1987	2017	1596	1407	1635	1519	1549	1306	1541	1444	1714	2025	1496	1497	1494	1607	1476	1572	2130	1602	2115	1648	1436	2145	1467	1464	1414	1443	1516	1555	1804	1979	2213	1577	1228	1571	1612	1573	1496	1348	1427	2154	1530	1895	1521
40	1409	1692	1370	1347	1292	1467	1612	1392	1621	1323	1376	1344	1539	1581	1863	1574	1219	1468	1456	1454	1980	1371	1431	1527	1404	1469	1642	1549	1531	1496	1367	2083	1580	1833	1884	1971	1436	1480	1420	1453	4085	1387	2085	1531	1476	1420	1518	1666	1831	1548	1611	1332	1633	1541	1607	1711	1547	1318	1423	1417	1479	1557	2039	1487	1458	1696	1493	1360	1531	1301	1987	1338	1431	1585	2216	1681	1863	1478	1541	1320	1370	1327	1443	1516	1413	1529	1428	1591	1406	1395	1486	1447	1457	1540	1365	1456	1452	1418	1535	1959
41	1417	1459	2172	2036	2056	1508	1993	1380	1548	1701	2085	2026	2303	1460	1567	1459	1566	1666	2140	1481	1603	1505	1496	2047	1542	1578	1477	1617	1601	1637	2077	1574	2053	1504	1526	1468	1418	2134	1415	1395	1387	4330	1564	1459	1940	1467	2232	1698	1482	1517	1460	1321	1612	1440	2273	1456	1667	1532	1625	1537	1460	2187	1623	1513	2060	1559	1556	1333	1420	1503	1757	1558	2410	1518	1789	1599	1596	2012	1337	1503	1405	1386	2022	1566	1634	1545	1684	1657	1557	1513	1502	1515	1611	1444	1563	2104	1349	1495	1580	1619
42	1597	1728	1563	1683	1690	1566	1714	1550	1668	1612	1584	1609	1688	1467	2114	1523	1367	1506	1598	1634	2083	1585	1607	1532	1584	1601	1772	1554	1635	1619	1661	2043	1691	2109	2044	2131	1574	1644	1670	1792	2085	1564	4355	1664	1655	1565	1851	1670	1956	1588	1589	1323	1692	1711	1838	1818	1728	1557	1610	1750	1433	1725	1913	1661	1747	1832	1552	1733	1551	1446	2155	1595	1715	1669	2147	1717	1933	1517	1704	1522	1498	1481	1571	1477	1590	1604	1566	1730	1590	1473	1590	1599	1730	1769	1624	1597	1599	1654	1780	2043
43	1408	1579	1550	1511	1616	1380	1734	2216	1553	1762	1735	1557	1785	1618	1623	2172	1491	1510	1602	2129	1843	1661	1567	1699	1950	1909	1446	1605	2142	1986	1594	1487	1511	1510	1674	1667	1863	1575	1996	1384	1531	1459	1664	4295	1716	1990	1690	1614	1532	1477	1490	1341	1522	1454	1549	1604	1743	1642	2063	2173	2096	1721	1709	1600	1706	2214	1575	2077	1545	1538	1469	2155	1787	1657	1789	1494	1477	1701	1590	1471	1527	1890	1739	1880	1873	1614	1708	1591	1562	1920	1603	1578	2136	1910	1941	1668	1401	1957	1514	1506
44	1437	1664	2078	1812	2076	1481	2068	1431	1474	1972	2120	1902	2112	1596	1625	1551	1521	1629	2012	1428	1498	1695	1558	2050	1469	1501	1488	1510	1705	1614	2153	1419	1818	1512	1507	1366	1384	2046	1444	1400	1476	1940	1655	1716	4265	1421	2186	1639	1403	1556	1582	1419	1730	1503	2065	1527	1695	1472	1688	1573	1467	2066	1531	1453	2031	1701	1483	1368	1387	1387	1466	1549	2253	1602	1728	1641	1545	1992	1520	1450	1558	1506	2004	1483	1623	1554	1585	1701	1536	1432	1538	1555	1596	1563	1619	1945	1560	1551	1570	1454
45	1609	1820	1601	1311	1526	1487	1414	2015	1560	1471	1690	1549	1552	1841	1492	2137	1633	1552	1689	2033	1676	1734	1646	1478	2041	2062	1518	1731	2184	2141	1603	1581	1412	1528	1504	1673	2097	1570	2036	1679	1420	1467	1565	1990	1421	4246	1579	1642	1620	1649	1716	1572	1673	1701	1404	1761	1680	1728	2004	2159	2070	1571	1600	1675	1357	2206	1634	1960	1545	1680	1395	2036	1586	1761	1628	1832	1612	1576	1560	1676	1743	1940	1660	2095	1932	1607	1640	1820	1571	1834	1537	1657	2114	1912	1936	1553	1460	1977	1683	1550
46	1699	1767	1993	2141	2192	1590	2239	1707	1462	2060	2064	2156	2228	1855	1534	1605	1827	1644	2186	1571	1793	1943	1700	2167	1753	1638	1714	1852	1840	1935	2232	1732	2234	1571	1641	1571	1693	2100	1647	1466	1518	2232	1851	1690	2186	1579	4585	1711	1502	1575	1520	1568	1664	1642	2150	1680	1588	1846	1752	1654	1639	2120	1657	1686	2357	1754	1392	1777	1785	1642	1708	1631	2472	1609	1884	1732	1629	2029	1479	1742	1642	1578	2232	1560	1792	1573	1605	1615	1732	1510	1785	1657	1644	1599	1899	2189	1491	1658	1424	1664
47	1485	2039	1678	1476	1615	1525	1653	1535	2038	1384	1749	1383	1688	1555	1650	1576	1425	2019	1650	1448	1594	1606	1443	1473	1411	1490	2047	1547	1497	1625	1670	1501	1599	1432	1467	1746	1421	1486	1565	1971	1666	1698	1670	1614	1639	1642	1711	4286	1601	1924	1971	1452	2200	1977	1659	2100	2028	1542	1585	1588	1599	1708	1529	1517	1485	1697	1905	1491	1276	1527	1412	1438	1790	2081	1747	2238	1605	1612	1995	1398	1436	1491	1677	1565	1524	2149	2017	2334	1486	1405	1489	1543	1510	1459	1432	1483	1826	1550	1850	1544
48	1372	1656	1340	1473	1561	1542	1511	1469	1402	1466	1500	1380	1705	1449	1853	1526	1301	1610	1682	1506	2099	1531	1439	1647	1512	1489	1591	1416	1546	1583	1377	1823	1505	1930	1810	1921	1402	1602	1531	1462	1831	1482	1956	1532	1403	1620	1502	1601	4090	1600	1508	1374	1534	1577	1559	1657	1657	1477	1552	1442	1446	1562	1970	1481	1469	1794	1596	1409	1371	1458	1794	1438	1756	1568	2012	1541	1791	1424	1530	1368	1468	1417	1501	1414	1524	1555	1516	1693	1468	1236	1457	1432	1611	1485	1448	1619	1551	1594	1423	1867
49	1682	2324	1480	1411	1598	1574	1512	1399	2135	1382	1707	1486	1732	1632	1539	1556	1567	2091	1660	1355	1582	1552	1571	1570	1515	1499	2077	1541	1591	1535	1508	1533	1510	1515	1431	1499	1305	1515	1605	2000	1548	1517	1588	1477	1556	1649	1575	1924	1600	4271	1957	1567	2189	2012	1724	2094	2021	1618	1599	1612	1488	1593	1542	1619	1463	1677	2034	1438	1557	1660	1577	1468	1668	1974	1532	2115	1530	1447	1984	1561	1585	1444	1450	1678	1425	1836	2134	2249	1646	1396	1578	1544	1498	1416	1397	1635	1934	1519	1989	1644
50	1611	2381	1586	1636	1433	1527	1624	1556	2084	1414	1632	1488	1702	1696	1645	1546	1542	1938	1759	1393	1662	1753	1592	1542	1435	1656	2029	1791	1633	1552	1569	1677	1542	1552	1486	1724	1436	1733	1461	1964	1611	1460	1589	1490	1582	1716	1520	1971	1508	1957	4501	1610	2331	2290	1681	2174	2070	1575	1676	1536	1512	1612	1515	1566	1621	1759	2064	1438	1598	1643	1534	1593	1888	1964	1494	2028	1734	1626	1999	1498	1708	1423	1725	1623	1625	2019	2191	2254	1675	1419	1555	1664	1622	1498	1515	1696	1954	1592	2093	1512
51	1753	1637	1538	1336	1495	1859	1573	1532	1510	1551	1470	1503	1655	1951	1334	1555	1959	1489	1469	1434	1451	2098	1887	1389	1525	1410	1544	2116	1482	1569	1342	1614	1412	1307	1327	1524	1355	1508	1449	1347	1332	1321	1323	1341	1419	1572	1568	1452	1374	1567	1610	3942	1531	1631	1403	1621	1462	1809	1517	1416	1502	1449	1602	2044	1498	1555	1514	1522	1913	1962	1343	1384	1596	1509	1555	1577	1417	1240	1572	1866	1973	1440	1432	1740	1552	1406	1374	1594	1942	1323	1847	1878	1502	1395	1297	1398	1506	1585	1389	1317
52	1580	2288	1620	1630	1484	1428	1723	1739	2104	1428	1657	1548	1632	1664	1701	1465	1416	1891	1685	1457	1544	1689	1487	1573	1537	1494	2223	1656	1717	1610	1424	1622	1423	1747	1530	1585	1561	1493	1529	2115	1633	1612	1692	1522	1730	1673	1664	2200	1534	2189	2331	1531	4475	2153	1747	2321	2227	1558	1539	1606	1453	1680	1629	1658	1628	1788	1915	1518	1443	1562	1617	1568	1697	2086	1804	2113	1662	1598	2151	1539	1474	1541	1619	1641	1558	2111	2049	2314	1404	1440	1572	1574	1707	1483	1466	1565	2024	1518	1993	1563
53	1686	2195	1342	1635	1516	1624	1675	1419	1886	1349	1452	1331	1536	1631	1445	1385	1535	2039	1585	1556	1508	1685	1503	1522	1613	1442	2222	1728	1716	1788	1449	1584	1399	1422	1461	1737	1440	1504	1426	2003	1541	1440	1711	1454	1503	1701	1642	1977	1577	2012	2290	1631	2153	4427	1809	2315	1966	1791	1550	1682	1578	1493	1329	1771	1383	1774	1968	1462	1618	1656	1468	1509	1655	2159	1568	2195	1406	1410	2154	1450	1793	1425	1589	1549	1443	1902	2178	2319	1707	1454	1606	1601	1609	1408	1433	1530	2094	1505	1996	1450
54	1689	1798	2033	1976	2000	1702	2158	1433	1663	1890	2338	2109	2321	1643	1652	1585	1509	1825	2285	1490	1819	1759	1638	2203	1555	1616	1821	1736	1673	1608	2216	1624	2035	1698	1666	1566	1552	2083	1513	1622	1607	2273	1838	1549	2065	1404	2150	1659	1559	1724	1681	1403	1747	1809	4445	1820	1695	1610	1690	1664	1551	2191	1681	1642	2010	1642	1637	1564	1604	1585	1753	1637	2226	1712	1884	1799	1569	2122	1493	1628	1642	1333	2060	1506	1649	1670	1789	1807	1809	1423	1697	1554	1583	1517	1535	2213	1559	1612	1741	1644
55	1598	2443	1605	1502	1567	1653	1606	1554	2145	1574	1656	1606	1637	1734	1529	1584	1515	2217	1779	1632	1629	1710	1641	1614	1654	1592	2400	1835	1688	1724	1627	1851	1475	1565	1508	1796	1641	1573	1694	1987	1711	1456	1818	1604	1527	1761	1680	2100	1657	2094	2174	1621	2321	2315	1820	4757	2346	1667	1587	1778	1590	1712	1636	1527	1455	1851	2387	1627	1642	1700	1619	1697	1720	2332	1658	2473	1693	1688	2200	1494	1701	1635	1470	1676	1687	2165	2197	2432	1604	1518	1485	1604	1647	1551	1641	1626	2374	1574	2219	1581
56	1373	2518	1634	1636	1651	1486	1810	1566	2153	1616	1767	1641	1730	1621	1530	1653	1474	2176	1700	1486	1610	1594	1487	1598	1565	1426	2245	1521	1613	1579	1732	1570	1576	1474	1576	1560	1444	1805	1517	2017	1547	1667	1728	1743	1695	1680	1588	2028	1657	2021	2070	1462	2227	1966	1695	2346	4566	1623	1664	1707	1473	1746	1643	1538	1414	1684	2195	1522	1386	1437	1573	1533	1804	2256	1723	2244	1686	1621	2224	1429	1426	1471	1643	1642	1612	2097	2223	2362	1546	1368	1360	1517	1554	1553	1344	1622	2132	1499	2064	1568
57	1961	1627	1419	1424	1538	1910	1474	1567	1480	1540	1521	1443	1746	2164	1347	1626	1909	1524	1527	1710	1554	2226	1987	1514	1667	1589	1745	1999	1697	1785	1578	1476	1517	1543	1378	1489	1460	1587	1601	1596	1318	1532	1557	1642	1472	1728	1846	1542	1477	1618	1575	1809	1558	1791	1610	1667	1623	4173	1389	1588	1487	1604	1352	2070	1646	1707	1328	1461	2005	1937	1487	1481	1741	1622	1481	1672	1401	1559	1458	1967	1972	1465	1613	1644	1732	1303	1572	1647	2070	1360	1940	1709	1624	1533	1559	1618	1571	1715	1489	1302
58	1418	1723	1727	1607	1558	1522	1512	2071	1574	1525	1639	1668	1632	1723	1525	1995	1507	1539	1642	1969	1659	1620	1511	1639	1884	1955	1403	1520	2139	2028	1706	1515	1557	1427	1630	1637	1791	1779	1928	1407	1423	1625	1610	2063	1688	2004	1752	1585	1552	1599	1676	1517	1539	1550	1690	1587	1664	1389	4164	2094	1826	1681	1466	1684	1540	2243	1670	1920	1514	1579	1343	1840	1536	1601	1571	1505	1533	1646	1447	1611	1543	1721	1652	1842	2002	1609	1562	1525	1510	1779	1433	1591	2090	2165	1765	1564	1505	2049	1606	1401
59	1700	1816	1533	1528	1574	1680	1662	2080	1634	1534	1707	1634	1848	1890	1371	2119	1570	1617	1679	1938	1626	1871	1665	1746	1941	1981	1695	1654	2072	2261	1595	1662	1538	1408	1658	1636	1982	1636	2159	1635	1417	1537	1750	2173	1573	2159	1654	1588	1442	1612	1536	1416	1606	1682	1664	1778	1707	1588	2094	4352	1785	1762	1532	1750	1543	2325	1579	1955	1660	1754	1430	1967	1663	1720	1699	1608	1680	1616	1689	1677	1550	2074	1465	2188	2190	1576	1592	1738	1635	2148	1644	1863	2136	2047	1936	1631	1562	2068	1508	1461
60	1312	1524	1516	1353	1508	1379	1355	1770	1455	1515	1526	1465	1617	1549	1493	1807	1410	1446	1433	1793	1735	1598	1520	1582	1689	1683	1548	1511	1980	1828	1487	1530	1309	1392	1476	1515	1973	1611	1773	1519	1479	1460	1433	2096	1467	2070	1639	1599	1446	1488	1512	1502	1453	1578	1551	1590	1473	1487	1826	1785	3883	1599	1478	1427	1385	2167	1486	1923	1476	1493	1296	1836	1541	1473	1725	1350	1579	1524	1507	1323	1553	1704	1469	1906	1914	1428	1384	1572	1410	1784	1562	1394	1750	1689	1829	1589	1438	1752	1326	1332
61	1408	1833	1892	2097	2122	1538	2157	1673	1495	1904	1967	2162	2292	1762	1613	1542	1498	1555	2332	1609	1629	1675	1722	2197	1602	1688	1607	1678	1713	1754	1980	1573	2020	1470	1528	1411	1551	2161	1642	1549	1557	2187	1725	1721	2066	1571	2120	1708	1562	1593	1612	1449	1680	1493	2191	1712	1746	1604	1681	1762	1599	4449	1655	1674	2024	1905	1615	1711	1517	1400	1675	1743	2228	1678	1630	1609	1723	2026	1375	1522	1549	1558	2077	1647	1523	1614	1748	1788	1648	1527	1563	1494	1606	1669	1568	2110	1458	1606	1739	1614
62	1469	1683	1604	1435	1584	1510	1525	1496	1369	1449	1572	1451	1610	1508	1974	1612	1481	1518	1625	1544	2308	1659	1490	1639	1450	1544	1599	1676	1713	1581	1599	1927	1606	1864	1985	2053	1454	1453	1541	1306	2039	1623	1913	1709	1531	1600	1657	1529	1970	1542	1515	1602	1629	1329	1681	1636	1643	1352	1466	1532	1478	1655	4308	1650	1604	1733	1487	1549	1554	1604	2093	1388	1805	1626	2310	1694	1936	1524	1549	1528	1633	1459	1591	1591	1522	1474	1551	1729	1540	1479	1532	1580	1530	1535	1362	1542	1507	1519	1472	1975
63	1938	1666	1548	1567	1581	2052	1517	1669	1566	1440	1511	1537	1723	2326	1452	1503	1865	1532	1702	1591	1609	2239	1921	1639	1545	1660	1453	2151	1643	1739	1524	1629	1560	1573	1584	1642	1388	1717	1573	1541	1487	1513	1661	1600	1453	1675	1686	1517	1481	1619	1566	2044	1658	1771	1642	1527	1538	2070	1684	1750	1427	1674	1650	4254	1509	1819	1420	1531	2109	2048	1583	1510	1622	1687	1619	1652	1547	1454	1566	2002	1933	1505	1601	1744	1596	1532	1494	1520	2065	1463	2201	2001	1610	1593	1457	1546	1452	1697	1561	1584
64	1553	1574	1843	1963	2031	1578	2021	1460	1476	2005	2162	1955	2251	1626	1581	1476	1535	1572	2034	1395	1619	1792	1590	2244	1511	1519	1450	1642	1583	1636	2012	1574	1914	1492	1542	1502	1376	1984	1550	1444	1458	2060	1747	1706	2031	1357	2357	1485	1469	1463	1621	1498	1628	1383	2010	1455	1414	1646	1540	1543	1385	2024	1604	1509	4231	1672	1525	1447	1562	1444	1612	1625	2271	1544	1678	1596	1465	2040	1434	1565	1548	1397	2067	1363	1470	1393	1504	1587	1467	1627	1577	1501	1582	1529	1660	1972	1306	1548	1618	1554
65	1573	1820	1533	1567	1660	1664	1633	2155	1676	1725	1768	1687	1776	1941	1741	2195	1666	1726	1730	2184	1854	1742	1699	1882	2273	2226	1703	1768	2415	2326	1518	1794	1602	1717	1669	1867	2227	1732	2301	1714	1696	1559	1832	2214	1701	2206	1754	1697	1794	1677	1759	1555	1788	1774	1642	1851	1684	1707	2243	2325	2167	1905	1733	1819	1672	4757	1583	2121	1648	1774	1661	2348	1794	1789	1708	1723	1771	1698	1606	1704	1633	2210	1632	2265	2158	1595	1849	1742	1695	2124	1703	1645	2202	2280	2148	1835	1646	2250	1773	1587
66	1524	2205	1496	1554	1507	1389	1518	1509	2047	1577	1674	1547	1768	1457	1618	1567	1460	1935	1657	1473	1549	1381	1365	1485	1394	1506	1992	1456	1765	1597	1554	1607	1518	1522	1523	1761	1331	1617	1482	2025	1493	1556	1552	1575	1483	1634	1392	1905	1596	2034	2064	1514	1915	1968	1637	2387	2195	1328	1670	1579	1486	1615	1487	1420	1525	1583	4233	1404	1315	1373	1437	1465	1685	1999	1639	2162	1471	1491	2187	1467	1451	1358	1570	1567	1614	1914	2031	2280	1458	1383	1370	1354	1451	1370	1425	1565	1972	1523	2051	1510
67	1531	1682	1408	1410	1536	1461	1520	2004	1536	1606	1470	1553	1615	1582	1415	1986	1361	1489	1507	2014	1668	1607	1502	1584	2041	1893	1473	1581	2106	2084	1438	1526	1441	1423	1490	1465	2080	1473	1905	1496	1360	1333	1733	2077	1368	1960	1777	1491	1409	1438	1438	1522	1518	1462	1564	1627	1522	1461	1920	1955	1923	1711	1549	1531	1447	2121	1404	4270	1526	1464	1491	1995	1422	1510	1663	1387	1483	1592	1596	1451	1481	1811	1488	1916	2087	1516	1540	1478	1633	1951	1497	1469	2128	1841	1950	1433	1376	2143	1462	1373
68	2074	1621	1478	1481	1416	2061	1521	1371	1667	1460	1596	1512	1727	2179	1304	1579	1903	1540	1499	1571	1571	2122	2123	1540	1416	1559	1445	2382	1636	1664	1386	1638	1500	1493	1387	1536	1476	1572	1556	1497	1531	1420	1551	1545	1387	1545	1785	1276	1371	1557	1598	1913	1443	1618	1604	1642	1386	2005	1514	1660	1476	1517	1554	2109	1562	1648	1315	1526	4239	2072	1466	1427	1686	1417	1552	1638	1416	1520	1286	2066	2022	1556	1360	1652	1657	1380	1537	1527	2185	1463	2135	1966	1548	1595	1605	1540	1420	1615	1522	1374
69	1992	1581	1458	1427	1382	1870	1557	1482	1525	1416	1465	1411	1578	2020	1387	1726	1945	1591	1481	1624	1609	2338	1998	1574	1542	1682	1599	2135	1700	1613	1492	1502	1395	1534	1438	1630	1461	1591	1764	1494	1301	1503	1446	1538	1387	1680	1642	1527	1458	1660	1643	1962	1562	1656	1585	1700	1437	1937	1579	1754	1493	1400	1604	2048	1444	1774	1373	1464	2072	4199	1395	1502	1749	1430	1533	1567	1379	1431	1508	1965	1989	1533	1412	1791	1636	1493	1473	1688	2016	1498	2137	1964	1615	1492	1477	1646	1532	1640	1409	1289
70	1265	1630	1620	1651	1676	1457	1528	1333	1499	1529	1635	1600	1615	1520	1797	1437	1456	1557	1578	1369	2221	1561	1555	1670	1306	1493	1575	1595	1493	1597	1604	2076	1727	1884	1720	1780	1476	1620	1325	1607	1987	1757	2155	1469	1466	1395	1708	1412	1794	1577	1534	1343	1617	1468	1753	1619	1573	1487	1343	1430	1296	1675	2093	1583	1612	1661	1437	1491	1466	1395	4239	1333	1724	1616	2266	1453	1782	1617	1519	1442	1409	1315	1657	1382	1361	1462	1542	1596	1549	1357	1491	1505	1479	1430	1384	1609	1489	1466	1605	1866
71	1390	1520	1529	1499	1547	1409	1613	1962	1551	1733	1727	1573	1800	1610	1407	1998	1532	1373	1577	1905	1640	1670	1536	1700	1982	2076	1498	1654	1985	2204	1459	1678	1406	1502	1469	1449	1899	1556	1910	1476	1338	1558	1595	2155	1549	2036	1631	1438	1438	1468	1593	1384	1568	1509	1637	1697	1533	1481	1840	1967	1836	1743	1388	1510	1625	2348	1465	1995	1427	1502	1333	4157	1549	1479	1656	1438	1521	1664	1390	1563	1545	1791	1570	1929	1981	1479	1595	1594	1532	1982	1578	1645	2190	1805	1831	1715	1534	1948	1515	1442
72	1581	1818	2166	2155	2166	1574	2345	1503	1723	2046	2273	2074	2603	1624	1521	1750	1830	1903	2305	1550	1645	1898	1789	2182	1553	1820	1687	1821	1708	1801	2229	1707	2075	1620	1643	1578	1547	2389	1607	1572	1431	2410	1715	1787	2253	1586	2472	1790	1756	1668	1888	1596	1697	1655	2226	1720	1804	1741	1536	1663	1541	2228	1805	1622	2271	1794	1685	1422	1686	1749	1724	1549	4676	1672	1812	1834	1593	2154	1614	1657	1744	1527	2046	1626	1662	1723	2002	2057	1780	1427	1769	1529	1783	1523	1750	2434	1485	1601	1817	1562
73	1404	2297	1549	1688	1647	1708	1574	1437	2111	1456	1752	1570	1735	1660	1589	1531	1415	2035	1666	1523	1780	1684	1527	1532	1539	1522	2257	1542	1690	1643	1539	1653	1495	1601	1464	1584	1385	1538	1483	2130	1585	1518	1669	1657	1602	1761	1609	2081	1568	1974	1964	1509	2086	2159	1712	2332	2256	1622	1601	1720	1473	1678	1626	1687	1544	1789	1999	1510	1417	1430	1616	1479	1672	4450	1710	2290	1627	1676	2203	1465	1612	1457	1506	1604	1561	1985	2172	2375	1428	1375	1462	1595	1533	1382	1455	1566	1984	1548	2136	1630
74	1482	1713	1739	1508	1688	1425	1739	1653	1597	1713	1616	1663	1745	1608	2124	1683	1441	1639	1881	1566	2432	1602	1476	1874	1524	1524	1690	1649	1695	1727	1768	2172	1595	1956	2170	2251	1629	1632	1557	1602	2216	1789	2147	1789	1728	1628	1884	1747	2012	1532	1494	1555	1804	1568	1884	1658	1723	1481	1571	1699	1725	1630	2310	1619	1678	1708	1639	1663	1552	1533	2266	1656	1812	1710	4541	1648	2079	1654	1730	1504	1561	1610	1774	1625	1538	1575	1677	1766	1530	1531	1612	1638	1510	1520	1547	1615	1443	1602	1595	2025
75	1526	2426	1809	1686	1739	1585	1732	1525	2190	1534	1916	1587	1771	1696	1520	1555	1554	1945	1678	1570	1701	1633	1615	1682	1667	1431	2195	1672	1820	1602	1685	1681	1614	1623	1591	1733	1482	1569	1533	2115	1681	1599	1717	1494	1641	1832	1732	2238	1541	2115	2028	1577	2113	2195	1799	2473	2244	1672	1505	1608	1350	1609	1694	1652	1596	1723	2162	1387	1638	1567	1453	1438	1834	2290	1648	4553	1516	1638	2209	1524	1596	1475	1691	1634	1519	2158	2225	2349	1612	1282	1506	1551	1532	1504	1464	1651	2039	1647	2124	1634
76	1250	1740	1559	1518	1404	1459	1578	1697	1432	1485	1424	1526	1734	1533	1912	1437	1246	1542	1574	1512	1949	1500	1492	1670	1370	1380	1679	1482	1664	1580	1624	1905	1461	1922	1889	1983	1595	1621	1561	1648	1863	1596	1933	1477	1545	1612	1629	1605	1791	1530	1734	1417	1662	1406	1569	1693	1686	1401	1533	1680	1579	1723	1936	1547	1465	1771	1471	1483	1416	1379	1782	1521	1593	1627	2079	1516	4086	1522	1584	1294	1367	1533	1608	1539	1529	1384	1486	1691	1414	1373	1428	1360	1523	1616	1542	1519	1514	1522	1632	1738
77	1412	1548	2101	1972	1916	1464	2019	1489	1670	1821	2364	1901	2264	1440	1497	1519	1594	1657	2363	1590	1683	1366	1589	2150	1649	1547	1388	1689	1645	1706	2098	1704	1971	1579	1472	1396	1520	2149	1555	1436	1478	2012	1517	1701	1992	1576	2029	1612	1424	1447	1626	1240	1598	1410	2122	1688	1621	1559	1646	1616	1524	2026	1524	1454	2040	1698	1491	1592	1520	1431	1617	1664	2154	1676	1654	1638	1522	4336	1413	1438	1468	1410	2132	1517	1604	1534	1624	1790	1485	1464	1553	1558	1662	1452	1716	2085	1383	1599	1588	1543
